-66.866900 -97.014920 0.000440 0.000000 0.000000 0.000000 0.000000 0.000000 0.000000
-66.866900 -97.014920 0.002991 0.000000 0.000000 0.000000 0.000000 0.000000 0.000000
-66.866900 -97.014920 0.002937 0.000000 0.000000 0.000000 0.000000 0.000000 0.000000
-45.819610 -97.014920 -0.053561 0.000000 0.000000 0.000000 0.000000 0.000000 0.000000
-24.772320 -97.014920 -0.140059 0.000000 0.000000 0.000000 0.000000 0.000000 0.000000
-3.725030 -97.014920 -0.278564 0.000000 0.000000 0.000000 0.000000 0.000000 0.000000
-3.725030 -74.162440 -0.329557 0.000000 0.000000 0.000000 0.000000 0.000000 0.000000
-24.772320 -74.162440 -0.215056 0.000000 0.000000 0.000000 0.000000 0.000000 0.000000
-45.819610 -74.162440 -0.124561 0.000000 0.000000 0.000000 0.000000 0.000000 0.000000
-66.866900 -74.162440 -0.053059 0.000000 0.000000 0.000000 0.000000 0.000000 0.000000
-66.866900 -51.309960 -0.128561 0.000000 0.000000 0.000000 0.000000 0.000000 0.000000
-45.819610 -51.309960 -0.191554 0.000000 0.000000 0.000000 0.000000 0.000000 0.000000
-24.772320 -51.309960 -0.280058 0.000000 0.000000 0.000000 0.000000 0.000000 0.000000
-3.725030 -51.309960 -0.374059 0.000000 0.000000 0.000000 0.000000 0.000000 0.000000
-3.725030 -28.457480 -0.427060 0.000000 0.000000 0.000000 0.000000 0.000000 0.000000
-24.772320 -28.457480 -0.350558 0.000000 0.000000 0.000000 0.000000 0.000000 0.000000
-45.819610 -28.457480 -0.266559 0.000000 0.000000 0.000000 0.000000 0.000000 0.000000
-66.866900 -28.457480 -0.204559 0.000000 0.000000 0.000000 0.000000 0.000000 0.000000
-66.866900 -5.605000 -0.304064 0.000000 0.000000 0.000000 0.000000 0.000000 0.000000
-45.819610 -5.605000 -0.344558 0.000000 0.000000 0.000000 0.000000 0.000000 0.000000
-24.772320 -5.605000 -0.412557 0.000000 0.000000 0.000000 0.000000 0.000000 0.000000
-3.725030 -5.605000 -0.453058 0.000000 0.000000 0.000000 0.000000 0.000000 0.000000
